1110100
1111010
1111011
1110110
1111100
1110001
1110010
1110111
1110100
1110001
1111101
1110100
1110010
1110110
1110100
1110000
1110111
1110001
001101
1111000
1111110
1111111
1110000
1111000
1110110
1111001
1110110
1110000
1110010
001110
11000011111000100
1110100
1110001
1110101
001111
1110101
1110111
1111000
1110000
1110010
1111001
1111000
1110110
1110111
1110100
1110001
1110111
1110001
1110100
1110110
1111001
1111000
0101101110010110
1110111
1110010
1110000
001110
1110100
1110000
1110100
1110010
1111001
1110001
1110000
0101000011010100
1111000
1110110
1110100
1110010
1110110
1110001
1110100
1110000
1111001
00011001000111110110101011110011
111
0100000010101000
1110100
1110111
11001000110100110
1110011
001111
1110011
001010
0100101110010011
